title,notes
,boş başlık
